# This file was produced by samtools stats (1.10+htslib-1.10) and can be plotted using plot-bamstats
# This file contains statistics for all reads.
# The command line was:  stats mapped.bam
# CHK, Checksum	[2]Read Names	[3]Sequences	[4]Qualities
# CHK, CRC32 of reads which passed filtering followed by addition (32bit overflow)
CHK	996694a5	04e7e098	c71157a8
# Summary Numbers. Use `grep ^SN | cut -f 2-` to extract this part.
SN	raw total sequences:	114310
SN	filtered sequences:	0
SN	sequences:	114310
SN	is sorted:	0
SN	1st fragments:	114310
SN	last fragments:	0
SN	reads mapped:	114310
SN	reads mapped and paired:	0	# paired-end technology bit set + both mates mapped
SN	reads unmapped:	0
SN	reads properly paired:	0	# proper-pair bit set
SN	reads paired:	0	# paired-end technology bit set
SN	reads duplicated:	0	# PCR or optical duplicate bit set
SN	reads MQ0:	29	# mapped and MQ=0
SN	reads QC failed:	0
SN	non-primary alignments:	34
SN	total length:	19915791	# ignores clipping
SN	total first fragment length:	19915791	# ignores clipping
SN	total last fragment length:	0	# ignores clipping
SN	bases mapped:	19915791	# ignores clipping
SN	bases mapped (cigar):	19397547	# more accurate
SN	bases trimmed:	0
SN	bases duplicated:	0
SN	mismatches:	260429	# from NM fields
SN	error rate:	1.342587e-02	# mismatches / bases mapped (cigar)
SN	average length:	174
SN	average first fragment length:	174
SN	average last fragment length:	0
SN	maximum length:	202
SN	maximum first fragment length:	202
SN	maximum last fragment length:	0
SN	average quality:	32.6
SN	insert size average:	0.0
SN	insert size standard deviation:	0.0
SN	inward oriented pairs:	0
SN	outward oriented pairs:	0
SN	pairs with other orientation:	0
SN	pairs on different chromosomes:	0
SN	percentage of properly paired reads (%):	0.0
# First Fragment Qualities. Use `grep ^FFQ | cut -f 2-` to extract this part.
# Columns correspond to qualities and rows to cycles. First column is the cycle number.
FFQ	1	0	99	96	106	163	488	450	380	412	617	720	892	791	924	989	1014	1109	1195	1247	1437	1544	1749	1877	2240	2370	2788	3174	1070	1163	1327	1229	1357	926	1029	1124	1228	1296	1111	1084	1109	70386	0
FFQ	2	0	155	123	138	264	1007	895	697	773	970	1351	1630	1338	1432	1394	1506	1481	1584	1568	1564	1711	1850	1750	1951	2143	2406	2788	1304	1424	1543	1415	1485	1094	1131	1198	1200	1170	1206	1083	1129	63459	0
FFQ	3	0	63	52	63	408	1696	1478	1042	1292	1536	2149	2580	2232	2486	2404	2517	2556	2617	2463	2393	2346	2247	2192	2242	2242	2288	2555	1352	1351	1340	1186	1054	916	904	883	829	788	720	669	664	53515	0
FFQ	4	0	94	53	105	505	1983	1637	1071	1284	1829	2117	2466	2652	2923	3256	3833	3965	4330	4420	4331	4295	4140	3891	3722	3683	3406	3145	2369	2039	2022	1743	1300	1193	1062	983	981	905	800	805	712	28260	0
FFQ	5	0	99	71	132	246	1063	883	570	675	837	1048	1344	1273	1658	2026	2547	2910	3297	3501	3737	3907	3990	4157	4458	4509	4453	4392	3941	3797	3498	3191	2582	2364	2228	2004	1961	1743	1546	1498	1490	24684	0
FFQ	6	0	43	16	35	255	1144	1022	621	765	853	1184	1373	1216	1596	1982	2393	2580	2829	3014	3004	3099	3104	3009	3270	3542	3635	3505	3509	3507	3460	3345	2880	2939	2802	2606	2601	2669	2523	2601	2584	27195	0
FFQ	7	0	8	6	15	425	1562	1484	960	1339	1460	1838	2159	1933	2020	2184	2373	2628	3048	3327	3243	3507	3500	3504	3625	3562	3507	3353	3120	2953	2760	2568	2089	1946	1891	1903	1914	1872	1903	1920	2030	28871	0
FFQ	8	0	13	4	14	484	1681	1806	1187	1630	1877	2335	2373	2431	2296	2219	2342	2531	2698	2935	2950	3118	2942	2809	2705	2452	2224	2039	1766	1655	1553	1440	1267	1259	1252	1329	1529	1601	1716	1834	1903	42111	0
FFQ	9	0	14	4	17	147	470	575	359	519	788	973	1188	1192	1034	885	1063	1096	1171	1205	1309	1347	1369	1415	1502	1512	1483	1498	1530	1489	1484	1327	1389	1326	1424	1469	1622	1741	1990	2240	2492	68652	0
FFQ	10	0	4	5	2	73	284	384	242	285	445	548	559	590	478	480	535	606	686	723	735	820	927	939	1042	1125	1124	1205	1030	1120	1080	1053	1103	1030	1150	1235	1462	1576	1798	1965	2148	81714	0
FFQ	11	0	2	1	3	122	359	511	290	368	541	574	598	584	554	558	648	732	763	871	974	1067	1202	1339	1353	1347	1444	1497	1378	1321	1266	1173	1165	1004	1073	1096	1228	1385	1564	1753	2046	78556	0
FFQ	12	0	4	0	1	199	720	868	486	623	905	1062	1031	966	916	932	1181	1211	1355	1563	1661	1923	2112	2309	2529	2651	2697	2807	2483	2270	2023	1719	1336	1140	1113	1078	1156	1090	1126	1193	1235	62636	0
FFQ	13	0	7	2	0	272	900	1159	674	922	1200	1385	1308	1371	1256	1357	1597	1722	1897	2197	2325	2743	3264	3511	3946	4135	4510	4708	4503	4243	3862	3261	2195	1805	1661	1420	1357	1225	1098	1045	1050	37217	0
FFQ	14	0	3	3	4	193	693	992	580	916	821	1050	869	955	900	959	1067	1227	1432	1612	1707	2332	2652	3149	3551	3937	4293	4586	4678	4654	4517	3935	2639	2151	2023	1754	1588	1346	1363	1253	1236	40690	0
FFQ	15	0	8	2	12	154	515	715	393	475	711	805	767	750	688	731	900	992	1242	1547	1389	2158	2535	2952	3393	3657	3887	4336	4188	4179	3868	3506	2368	1980	1848	1638	1511	1317	1280	1276	1283	48354	0
FFQ	16	0	3	2	10	188	755	882	496	556	922	1070	967	934	929	967	1232	1319	1568	1863	1790	2528	2936	3337	3696	4231	4423	4730	4678	4573	4447	3752	2509	2033	1820	1529	1388	1146	1019	853	841	41388	0
FFQ	17	0	4	7	15	260	848	1114	656	786	1285	1429	1318	1283	1270	1329	1577	1713	1838	2036	2086	2461	2783	2911	3135	3271	3485	3643	3209	3139	2726	2418	1738	1401	1183	1150	1069	938	834	752	781	50429	0
FFQ	18	0	7	5	14	200	639	886	531	579	1135	982	986	926	951	908	1070	1123	1151	1235	1334	1519	1594	1760	1899	2076	2296	2355	2128	2093	2019	1901	1793	1210	1323	1283	1370	1339	1199	1086	1157	66248	0
FFQ	19	0	1	8	7	218	476	834	489	482	1096	833	796	674	817	833	820	863	980	1024	1086	1190	1330	1415	1621	1771	2005	2114	2118	2257	2260	2281	2368	1615	1705	1828	2051	2039	1683	1635	1760	64927	0
FFQ	20	0	6	4	2	179	432	716	396	421	879	647	651	568	651	627	676	689	752	788	839	965	1072	1172	1276	1433	1692	1785	1843	1849	1966	1975	2118	1466	1612	1786	1923	1937	1545	1450	1505	72017	0
FFQ	21	0	7	5	6	186	362	626	344	393	816	624	606	451	602	651	572	606	680	699	756	809	959	994	1181	1343	1476	1610	1528	1636	1755	1766	1867	1246	1346	1474	1695	1740	1598	1590	1696	76009	0
FFQ	22	0	12	11	18	88	188	339	190	190	431	397	364	271	336	337	308	360	408	405	431	533	550	598	710	853	933	1085	870	911	1024	1035	1132	840	961	1028	1228	1159	1228	1164	1178	90206	0
FFQ	23	0	16	7	29	48	114	159	107	135	202	212	231	137	191	213	181	227	225	243	276	320	375	453	544	600	737	818	539	622	706	661	764	674	735	761	925	884	985	951	971	97332	0
FFQ	24	0	29	29	38	69	165	183	111	154	160	201	263	164	214	240	233	231	249	293	303	356	405	453	560	671	810	913	404	492	514	430	509	471	516	582	646	676	764	717	770	99322	0
FFQ	25	0	39	33	71	126	255	315	171	281	270	338	445	271	335	345	372	355	406	449	439	509	622	661	778	916	1063	1178	514	584	626	630	641	678	708	888	953	1095	1284	1226	1240	92200	0
FFQ	26	0	60	43	93	265	484	656	358	554	485	579	686	393	539	587	602	546	613	614	539	749	821	907	1009	1120	1295	1510	743	901	965	953	1132	1201	1368	1597	1822	2024	2311	2479	2699	78008	0
FFQ	27	0	36	30	65	469	840	1355	686	1073	847	1136	1023	592	855	837	819	767	706	687	560	726	856	925	972	1161	1242	1400	1109	1284	1437	1422	1627	1801	2041	2373	2715	2969	3444	3748	4074	63601	0
FFQ	28	0	22	9	16	892	1670	2744	1412	2210	1682	2245	1879	1021	1674	1568	1330	1287	1084	995	851	1054	1090	1180	1260	1374	1517	1633	1485	1507	1753	1539	1648	1704	1930	2256	2429	2583	2912	3130	3298	52437	0
FFQ	29	0	9	2	11	1281	2341	4088	1946	3002	2373	3020	2576	1428	2174	2053	1873	1679	1649	1444	1454	1580	1685	1834	2071	2047	2137	2480	2402	2183	2298	1578	1631	1608	1717	1772	1974	2038	2043	1973	1991	40865	0
FFQ	30	0	3	2	9	564	1054	1707	813	1319	1022	1241	1030	679	957	916	937	981	1208	1307	1408	1578	1921	2061	2437	2643	2815	3142	3207	2975	2963	1996	2021	2016	2313	2436	2430	2374	2343	2240	2206	49036	0
FFQ	31	0	2	4	4	270	470	809	433	652	463	588	505	328	445	406	438	500	567	621	657	744	954	1034	1286	1400	1468	1673	1831	1783	1962	1508	1691	1798	2199	2505	2571	2834	2747	2586	2551	69023	0
FFQ	32	0	3	3	6	240	424	737	350	569	399	465	425	298	341	347	324	360	364	483	492	605	723	810	950	1161	1331	1469	1531	1551	1837	1403	1535	1584	1863	2131	2272	2338	2317	2240	2145	75881	0
FFQ	33	0	3	0	0	444	779	1357	646	1053	637	743	588	505	576	516	575	591	603	664	749	903	968	1207	1473	1710	1957	2409	2526	2341	2565	1850	2160	1971	2419	2638	2696	2884	2727	2425	2434	61011	0
FFQ	34	0	1	3	1	878	1641	2712	1328	2217	1236	1505	1231	899	1102	995	997	1023	1057	1164	1273	1461	1650	1836	2131	2388	2705	3113	3205	2963	3080	2094	2246	2156	2448	2526	2665	2689	2672	2574	2527	43910	0
FFQ	35	0	4	2	2	1264	2307	4031	1861	2940	2017	2466	2097	1323	1813	1801	1507	1521	1627	1655	1703	1756	1950	1988	2119	1965	1870	1831	1893	1867	2092	1886	1994	1965	2209	2642	2870	3113	3172	3181	3051	36933	0
FFQ	36	0	0	3	3	557	1047	1716	896	1344	1614	2260	1831	830	1680	1521	1446	1291	1151	919	789	907	1013	1074	1085	1185	1275	1415	1419	1616	1970	2155	2523	2543	2928	3488	4091	4452	4743	4742	4642	44113	0
FFQ	37	0	4	6	4	229	376	694	401	555	700	932	814	390	696	644	642	556	480	442	380	494	558	628	678	740	864	1041	971	1153	1472	1618	2074	2288	2753	3303	3897	4232	4533	4524	4489	63005	0
FFQ	38	0	5	2	5	88	175	320	185	221	315	430	329	206	312	289	304	287	243	276	253	259	361	380	425	521	628	760	560	674	814	844	1134	1235	1503	1822	2187	2343	2534	2472	2443	86073	0
FFQ	39	0	7	11	10	69	98	234	132	175	191	242	178	133	177	181	160	169	150	204	180	219	252	302	311	380	474	586	314	425	465	465	591	584	669	841	1006	1062	1158	1116	1102	99153	0
FFQ	40	0	10	8	8	42	83	150	115	166	118	165	128	111	140	143	128	169	116	142	172	203	199	262	296	321	382	457	277	340	369	370	419	379	409	539	591	644	692	715	777	103395	0
FFQ	41	0	18	12	19	32	68	107	100	98	95	140	129	78	116	125	117	127	148	162	168	192	208	267	279	357	395	527	277	315	374	376	410	337	368	527	560	606	683	705	815	103699	0
FFQ	42	0	24	13	16	46	76	114	82	95	99	147	151	108	141	178	166	172	177	195	148	246	295	333	390	461	530	713	398	457	542	555	621	467	557	700	741	875	991	1049	1278	99784	0
FFQ	43	0	29	22	24	57	97	144	111	123	125	189	211	118	210	240	210	239	260	283	175	327	390	427	518	552	644	761	600	679	756	784	916	731	827	992	1040	1284	1390	1565	1848	94225	0
FFQ	44	0	28	18	24	69	112	240	188	188	189	273	296	170	264	317	323	340	379	426	219	455	520	567	684	693	782	872	926	1034	1057	1061	1150	952	1043	1205	1368	1394	1623	1836	2096	88737	0
FFQ	45	0	21	11	12	63	97	334	364	291	309	340	312	170	262	306	326	336	368	389	234	456	527	578	693	688	795	770	935	1120	1140	982	1080	935	984	1068	1366	1278	1547	1569	1865	89187	0
FFQ	46	0	15	10	3	42	74	500	784	564	637	543	377	273	287	265	300	290	308	319	225	336	411	428	517	577	679	738	772	919	977	850	990	882	1033	1173	1299	1373	1649	1633	2041	89003	0
FFQ	47	0	12	8	8	31	65	887	1570	1141	1327	1016	709	533	506	368	416	402	382	379	296	382	449	443	511	637	719	801	892	944	1110	1103	1282	1111	1290	1511	1656	1809	2144	2260	2723	80251	0
FFQ	48	0	10	6	6	42	83	402	606	495	841	1247	1165	934	825	539	643	615	608	616	506	634	622	667	729	723	850	942	1029	1081	1277	1282	1475	1108	1233	1487	1646	1811	2086	2241	2554	78416	0
FFQ	49	0	6	8	2	45	114	314	310	276	414	721	626	547	562	583	695	803	807	794	729	902	880	976	1060	1075	1135	1240	1294	1318	1421	1430	1538	764	847	946	1056	1187	1400	1453	1653	82148	0
FFQ	50	0	3	5	7	77	157	390	352	332	361	718	488	474	511	575	650	718	817	779	856	1009	1005	1195	1289	1301	1421	1517	1561	1663	1740	1746	1877	441	511	600	725	786	1028	1011	1301	82081	0
FFQ	51	0	4	3	2	72	168	429	386	358	422	763	522	483	502	549	603	669	782	788	853	1014	992	1196	1276	1347	1422	1568	1634	1686	1737	1855	1951	401	493	653	758	874	1095	1210	1463	81092	0
FFQ	52	0	11	4	1	54	99	314	247	224	320	635	481	415	470	459	548	622	701	746	669	824	882	977	1096	1093	1229	1360	1388	1419	1502	1671	1704	507	596	790	900	1099	1335	1589	1897	83197	0
FFQ	53	0	8	7	2	44	109	255	206	208	290	656	492	473	536	531	681	757	826	884	890	969	1056	1116	1209	1274	1461	1465	1606	1696	1736	1868	1903	494	530	704	868	1028	1230	1498	1870	80639	0
FFQ	54	0	7	3	4	46	128	385	359	328	477	928	753	663	772	831	1051	1074	1159	1112	1214	1381	1447	1544	1566	1686	1892	1984	2115	2213	2356	2353	2410	385	408	494	639	765	910	1148	1415	73669	0
FFQ	55	0	10	10	6	53	126	673	661	554	713	1278	1057	940	849	769	817	824	872	943	1018	1177	1263	1398	1422	1555	1637	1791	1832	1820	1848	1874	1802	372	357	411	538	638	753	936	1204	77272	0
FFQ	56	0	13	11	8	44	133	834	1121	947	1048	1362	982	801	666	549	672	721	800	841	923	1040	1134	1259	1349	1468	1621	1676	1679	1790	1819	1853	1801	318	327	365	442	563	683	820	1049	78541	0
FFQ	57	0	19	9	10	51	128	698	1016	932	1115	1039	709	630	705	618	904	915	998	1054	1137	1374	1491	1544	1671	1838	2053	2179	1996	2073	2251	2118	2221	259	242	266	356	438	556	668	789	75003	0
FFQ	58	0	23	26	12	57	117	448	881	523	874	856	606	547	644	609	725	773	800	885	934	1091	1190	1230	1349	1488	1630	1900	1364	1351	1380	1338	1327	200	231	251	344	414	485	617	790	83762	0
FFQ	59	0	22	22	18	64	96	317	529	367	514	578	462	439	434	429	484	496	533	559	662	762	855	912	1064	1234	1425	1629	791	794	799	799	863	236	280	323	394	544	635	754	957	90996	0
FFQ	60	0	30	33	22	49	66	290	443	412	487	551	447	366	342	331	423	408	429	519	529	596	708	821	898	1029	1221	1439	632	682	704	761	762	327	422	482	545	665	856	967	1224	92152	0
FFQ	61	0	39	27	34	65	82	236	380	320	397	448	444	335	385	331	436	408	425	502	442	602	637	723	784	904	1049	1189	744	724	830	893	1042	474	580	648	736	953	1023	1199	1364	91234	0
FFQ	62	0	77	46	39	73	102	237	279	251	295	466	445	283	411	410	523	506	522	530	430	588	650	725	808	839	945	952	762	762	801	893	929	442	491	624	714	752	848	968	1140	92502	0
FFQ	63	0	141	57	86	95	212	339	313	293	346	624	635	297	583	670	775	845	822	819	431	957	1001	1014	1026	1074	1117	1101	966	923	909	925	988	514	549	594	675	752	838	897	999	87843	0
FFQ	64	0	278	126	136	202	374	716	699	613	635	1034	1110	549	1045	1215	1433	1534	1579	1494	621	1668	1665	1679	1667	1648	1738	1615	1398	1279	1132	1042	966	551	481	480	460	480	491	524	615	77062	0
FFQ	65	0	310	122	177	297	535	1287	1443	1314	1309	1825	1864	946	1804	2013	2307	2455	2584	2552	878	2678	2680	2734	2681	2729	2673	2537	2136	1938	1751	1394	1161	781	585	526	431	365	320	310	347	57251	0
FFQ	66	0	225	91	90	251	522	1970	2904	2331	2475	2526	2300	1345	2067	2214	2419	2484	2591	2637	952	2649	2786	2853	2750	2815	2770	2671	2214	1987	1804	1437	1165	789	616	535	424	289	270	266	231	50306	0
FFQ	67	0	78	41	53	138	301	3068	5448	4284	4381	3732	2971	2119	2072	1739	1909	1913	1896	1941	894	1811	1727	1878	1877	1864	1761	1814	1403	1208	1152	910	755	523	462	390	359	292	257	284	230	54084	0
FFQ	68	0	39	19	32	55	183	4206	8368	6371	6721	5855	4464	3477	2712	1909	2138	2021	1735	1649	1086	1378	1301	1360	1360	1334	1266	1206	948	816	728	630	567	498	420	384	377	340	370	427	366	44902	0
FFQ	69	0	21	14	17	39	120	2820	5356	4135	5545	6734	5940	4727	3561	2464	2768	2530	2252	2090	1740	1717	1505	1554	1449	1415	1342	1289	974	897	835	743	694	629	542	546	515	522	539	598	560	42279	0
FFQ	70	0	13	10	7	20	54	1166	2376	1733	2797	4182	3658	2986	2581	2247	2760	2791	2464	2267	1975	2036	1693	1831	1609	1559	1437	1434	1244	1084	970	821	770	706	658	643	618	707	722	789	776	55823	0
FFQ	71	0	14	7	7	21	42	479	960	781	1285	1757	1522	1295	1172	1312	1719	1541	1449	1412	1336	1314	1143	1176	1114	1098	1026	1001	816	790	698	620	625	495	477	468	501	575	593	621	629	80125	0
FFQ	72	0	11	5	8	16	44	302	568	433	656	899	866	695	678	759	834	876	878	780	762	727	605	635	629	598	604	555	525	463	425	395	403	319	312	348	376	416	443	476	521	94170	0
FFQ	73	0	10	5	4	19	42	356	590	469	582	913	834	740	732	865	997	1002	879	902	723	672	592	601	610	581	486	504	448	368	332	274	266	226	231	231	273	283	321	340	415	95296	0
FFQ	74	0	15	10	7	22	54	642	955	753	978	1569	1535	1335	1236	1449	1615	1558	1514	1360	1151	1006	870	853	790	758	686	615	453	438	381	323	255	215	225	224	260	275	312	322	365	86630	0
FFQ	75	0	14	7	8	27	56	1313	1885	1745	2002	3150	2933	2531	2002	2284	2391	2366	1994	1775	1541	1377	1046	1111	1012	1015	927	958	644	593	517	384	365	301	283	253	279	261	310	334	377	71641	0
FFQ	76	0	9	9	10	23	94	2459	3753	3367	3728	5098	4568	3705	2431	1826	1782	1539	1455	1409	1356	1360	1247	1414	1231	1268	1193	1158	898	798	735	563	510	468	418	409	419	437	467	598	570	59229	0
FFQ	77	0	9	12	11	23	81	3277	5883	5001	5082	5434	4163	3168	2040	1070	1247	1181	1015	946	1075	1073	1078	1109	1123	1118	1174	1184	924	904	874	687	629	629	624	686	711	771	884	1087	1179	54842	0
FFQ	78	0	8	8	12	47	60	2746	5683	4424	4864	3744	2604	2146	1755	751	1266	1206	1029	1022	982	987	947	948	932	946	981	1038	796	796	888	612	614	651	732	817	971	1099	1357	1694	1963	59877	0
FFQ	79	0	15	11	11	35	60	1487	4421	2696	3648	2334	1628	1404	1131	630	902	913	779	781	761	786	727	815	860	803	940	1041	741	801	882	509	580	631	729	919	1200	1472	1948	2459	3024	68475	0
FFQ	80	0	26	23	19	37	46	632	2344	1168	1978	1306	1019	695	668	501	632	603	521	575	560	605	571	712	695	827	866	1164	645	737	830	426	504	584	683	956	1312	1721	2364	2956	3718	77747	0
FFQ	81	0	13	24	14	51	60	300	1088	559	947	680	582	418	438	379	389	411	382	432	472	525	571	655	773	882	1017	1237	555	622	718	342	421	499	548	859	1162	1560	2221	2770	3519	84856	0
FFQ	82	0	16	24	21	50	68	193	520	348	525	439	445	340	345	308	350	316	342	414	471	511	564	665	801	887	1049	1238	389	447	486	258	320	359	403	598	804	1072	1585	2026	2526	91396	0
FFQ	83	0	23	27	27	62	73	175	345	259	353	326	372	257	263	296	336	361	349	408	430	492	573	578	724	793	915	1140	288	274	308	206	240	261	307	359	484	641	930	1153	1408	97063	0
FFQ	84	0	27	30	25	63	80	135	256	170	274	259	333	237	267	266	289	333	298	333	393	464	451	564	613	669	849	932	204	211	228	205	204	237	246	291	345	409	549	637	792	100682	0
FFQ	85	0	32	28	36	49	68	112	201	162	225	214	260	174	221	207	238	253	234	299	351	380	431	479	606	555	705	786	213	204	241	218	211	223	248	296	289	313	423	440	550	102651	0
FFQ	86	0	22	24	32	56	74	89	146	125	170	203	209	170	230	217	230	240	236	304	320	371	420	469	511	605	645	632	212	227	223	232	209	214	256	280	307	346	389	436	526	103207	0
FFQ	87	0	36	37	31	53	70	97	137	143	204	190	239	163	208	241	267	284	286	354	341	425	434	526	552	701	744	819	245	248	290	322	305	290	348	366	427	439	523	574	660	101187	0
FFQ	88	0	28	40	40	62	60	88	110	143	194	223	266	143	235	276	302	341	394	394	386	554	563	635	730	831	934	1076	412	384	424	422	483	515	588	587	704	752	872	948	1001	96652	0
FFQ	89	0	57	33	61	61	66	80	120	149	164	219	285	191	283	299	352	410	416	448	387	547	598	709	797	929	1103	1261	621	665	737	802	886	795	941	996	1173	1260	1381	1543	1694	90266	0
FFQ	90	0	47	32	44	58	50	88	117	97	160	210	277	156	303	330	316	379	385	448	391	587	648	722	766	992	1109	1279	865	989	1022	1112	1195	1088	1211	1351	1525	1683	1911	2039	2299	85498	0
FFQ	91	0	23	27	33	44	59	55	85	79	120	165	219	167	243	282	256	298	347	415	334	508	576	626	770	862	1085	1243	1059	1162	1231	1335	1469	1185	1291	1461	1723	1919	2132	2295	2531	84050	0
FFQ	92	0	20	18	15	41	40	68	61	77	98	141	170	135	184	203	230	272	282	335	318	422	494	557	713	794	966	1157	1057	1199	1239	1327	1512	1014	1160	1315	1578	1751	1913	2033	2323	86527	0
FFQ	93	0	18	12	22	56	38	60	51	65	102	109	155	124	144	177	190	221	239	284	310	361	455	511	659	730	896	1070	939	1066	1139	1285	1408	808	980	1057	1315	1443	1494	1719	1958	90085	0
FFQ	94	0	14	29	17	33	44	45	46	64	94	107	142	94	139	165	189	177	203	280	282	319	427	489	567	627	834	947	715	796	810	948	1123	550	673	758	937	1057	1131	1186	1358	95332	0
FFQ	95	0	22	31	24	47	45	47	46	59	106	122	162	110	156	166	172	211	239	293	285	349	442	482	604	700	808	932	536	617	679	677	788	440	513	564	658	731	779	920	1060	98123	0
FFQ	96	0	42	36	21	52	48	59	53	58	115	131	176	113	172	173	197	230	237	328	309	387	461	517	641	770	874	1067	379	376	433	466	547	347	396	469	523	587	645	738	840	99730	0
FFQ	97	0	39	49	25	70	54	58	61	66	124	137	182	129	184	216	244	284	273	375	369	464	511	577	738	987	1132	1259	335	369	446	433	463	398	412	486	550	606	702	771	854	98308	0
FFQ	98	0	40	41	35	96	53	55	47	68	117	131	199	119	256	246	273	315	295	377	350	512	593	693	800	990	1214	1432	413	475	492	470	548	507	580	632	702	785	897	973	1105	95807	0
FFQ	99	0	23	29	32	110	61	89	52	87	130	156	241	142	250	296	328	351	354	421	351	555	606	727	965	1087	1319	1540	528	542	596	632	692	696	777	836	1010	1050	1230	1294	1527	92012	0
FFQ	100	0	38	43	42	108	69	79	74	101	126	146	257	162	281	311	347	381	405	484	404	605	755	842	962	1207	1376	1657	556	616	681	732	780	759	853	970	1081	1153	1391	1482	1695	89697	0
FFQ	101	0	42	46	51	144	92	99	87	103	142	198	327	172	343	375	386	435	480	546	519	734	845	957	1144	1384	1556	1925	570	602	742	740	764	825	851	979	1080	1141	1294	1433	1619	87912	0
FFQ	102	0	49	59	39	119	97	109	103	96	175	202	373	181	358	427	436	482	443	581	589	772	941	1007	1257	1462	1734	1893	518	554	668	648	686	703	776	839	912	967	1089	1236	1382	88695	0
FFQ	103	0	85	84	55	130	104	101	113	110	211	208	421	187	410	454	475	522	468	645	655	855	945	1024	1216	1388	1641	1955	543	577	668	597	616	652	669	772	831	880	945	943	1055	89436	0
FFQ	104	0	101	118	49	171	92	106	109	156	207	245	462	215	459	451	497	581	411	694	646	814	987	1047	1184	1377	1614	1839	610	661	704	631	651	672	736	780	876	865	1008	878	976	88956	0
FFQ	105	0	133	140	64	166	121	133	117	147	277	315	518	217	571	560	611	670	394	750	751	916	998	1147	1233	1404	1572	1857	774	853	862	777	787	836	883	949	1002	951	1148	1057	1147	85821	0
FFQ	106	0	142	164	93	226	139	158	164	192	317	372	583	272	636	621	704	724	429	798	848	968	996	1138	1228	1413	1516	1791	861	933	995	845	865	942	914	1007	1044	1027	1196	1200	1311	83856	0
FFQ	107	0	146	178	97	243	148	196	181	244	390	418	627	321	640	718	728	793	476	881	902	1057	1138	1230	1326	1487	1618	1762	857	930	998	809	881	890	909	950	980	1056	1116	1138	1250	82915	0
FFQ	108	0	137	138	102	250	203	214	200	260	474	493	578	392	700	757	793	863	641	905	948	1132	1173	1311	1405	1544	1725	1927	875	907	933	706	773	727	765	771	862	926	953	903	961	83291	0
FFQ	109	0	128	166	114	253	179	267	217	283	469	506	568	473	722	831	778	825	719	1005	999	1191	1221	1391	1442	1674	1806	2007	901	948	980	689	705	647	670	699	768	775	791	726	804	83273	0
FFQ	110	0	102	183	98	273	210	301	221	304	481	499	630	455	719	868	865	880	767	1056	1091	1184	1340	1470	1566	1773	2019	2190	1103	1135	1222	708	740	693	707	749	709	745	796	726	780	81229	0
FFQ	111	0	83	107	63	214	164	281	223	338	383	582	596	498	725	862	832	881	768	1048	1138	1281	1440	1579	1702	1865	2100	2341	1419	1520	1635	778	774	687	707	734	758	777	843	811	889	79134	0
FFQ	112	0	78	73	43	189	162	270	168	287	354	504	579	388	632	859	766	822	706	973	1051	1182	1367	1452	1720	1846	2051	2196	1599	1676	1794	797	741	652	679	709	809	812	903	939	971	79705	0
FFQ	113	0	53	73	33	153	151	266	168	263	264	466	514	345	572	764	703	752	648	915	932	1094	1207	1391	1514	1622	1921	2080	1572	1509	1725	747	698	677	669	697	825	808	931	940	970	81800	0
FFQ	114	0	48	51	25	120	131	223	149	235	244	450	475	326	503	692	596	651	556	778	804	910	1056	1165	1342	1460	1704	1955	1299	1385	1528	765	739	662	641	712	778	832	937	962	976	84450	0
FFQ	115	0	80	81	45	132	124	190	116	188	232	415	482	236	462	595	582	625	457	670	712	820	933	977	1148	1298	1477	1652	1066	1204	1301	780	806	722	739	802	898	951	1057	1128	1135	85931	0
FFQ	116	0	111	95	39	160	110	158	129	153	241	381	529	238	507	581	574	646	411	711	672	798	890	953	1027	1126	1344	1555	1116	1197	1320	987	990	896	1009	1082	1266	1254	1340	1565	1633	83402	0
FFQ	117	0	102	115	51	193	156	167	114	137	198	372	525	208	519	603	602	636	375	750	592	767	884	946	1042	1154	1356	1557	1205	1357	1473	1144	1260	1076	1272	1427	1577	1596	1718	1935	2175	79830	0
FFQ	118	0	114	99	52	280	168	204	109	152	178	410	614	198	655	712	728	712	501	846	579	881	988	1097	1138	1309	1429	1614	1326	1496	1743	1381	1530	1279	1460	1657	1802	1834	2039	2183	2479	75169	0
FFQ	119	0	77	92	51	419	249	262	158	200	215	492	829	215	824	917	840	894	736	967	577	1064	1136	1215	1351	1412	1559	1739	1537	1649	1870	1561	1661	1521	1608	1809	1947	1906	2264	2248	2420	70643	0
FFQ	120	0	77	67	36	596	337	393	223	286	212	625	1041	223	1044	1019	1039	1067	969	1155	555	1265	1387	1488	1671	1689	1891	2031	1764	1851	2092	1837	1958	1778	1868	1970	2011	2056	2297	2197	2381	64669	0
FFQ	121	0	73	77	45	673	366	448	264	292	234	670	1184	237	1188	1284	1262	1320	1151	1387	647	1448	1560	1770	1864	1911	2160	2309	2114	2221	2449	2096	2079	2006	2134	2108	2160	2180	2174	2313	2316	58913	0
FFQ	122	0	121	107	61	664	340	444	268	315	289	759	1330	281	1326	1412	1327	1434	1262	1531	746	1720	1871	1988	2186	2243	2508	2646	2462	2465	2663	2312	2401	2300	2364	2367	2470	2414	2430	2357	2334	52540	0
FFQ	123	0	174	167	69	535	312	391	246	330	401	722	1310	319	1232	1432	1402	1506	1174	1614	944	1755	1913	2075	2281	2399	2573	2761	2501	2553	2720	2350	2378	2422	2402	2486	2528	2547	2503	2473	2466	50660	0
FFQ	124	0	196	228	124	462	303	369	309	385	503	791	1157	459	1246	1411	1289	1418	1140	1563	1201	1832	1918	2040	2212	2482	2565	2796	2354	2390	2530	2159	2231	2210	2287	2465	2384	2368	2380	2330	2388	52130	0
FFQ	125	0	276	357	184	519	296	387	393	443	678	927	1157	620	1284	1367	1418	1449	1159	1626	1395	1806	1907	2040	2232	2449	2559	2726	1915	1960	2059	1755	1909	1816	1727	1881	1842	1972	1921	1890	1836	56854	0
FFQ	126	0	326	445	243	570	402	473	447	550	951	1036	1324	852	1357	1501	1563	1515	1256	1716	1537	1943	2099	2133	2237	2522	2665	2843	1551	1586	1620	1389	1524	1247	1258	1350	1400	1369	1413	1365	1360	60025	0
FFQ	127	0	391	436	254	597	415	512	507	573	1068	1111	1395	884	1510	1517	1630	1603	1500	1819	1676	1983	2116	2260	2414	2557	2812	2992	1510	1480	1494	1447	1536	919	926	1050	1094	1060	1066	1075	1048	60698	0
FFQ	128	0	363	436	299	586	412	556	529	531	1008	1195	1486	823	1603	1653	1745	1684	1525	1996	1830	2191	2261	2427	2568	2731	2969	3061	1773	1756	1857	1816	1848	924	988	1047	1070	1076	1078	1051	1009	57154	0
FFQ	129	0	395	377	222	437	423	599	469	480	899	1343	1631	793	1760	1783	1885	1886	1465	2091	1970	2399	2477	2718	2765	2976	3182	3217	2304	2355	2368	2263	2337	1301	1214	1308	1332	1258	1188	1200	1167	50650	0
FFQ	130	0	425	380	189	461	453	659	465	494	847	1542	1765	808	1999	2049	2185	2199	1514	2438	2322	2698	2859	3059	3109	3316	3492	3498	2859	2838	2914	2722	2739	1769	1621	1624	1726	1546	1406	1287	1270	41304	0
FFQ	131	0	377	349	143	441	523	769	470	513	944	1782	2029	941	2277	2310	2589	2581	1703	2810	2763	3074	3312	3414	3500	3576	3663	3663	3246	3157	3158	2910	2833	2057	1899	1818	1882	1640	1546	1327	1240	33560	0
FFQ	132	0	274	245	114	442	580	874	551	561	1020	1940	2115	1037	2366	2556	2656	2803	2050	2968	3051	3307	3501	3644	3770	3790	3915	3862	3504	3220	3126	2769	2669	2084	1939	1892	1820	1561	1550	1372	1231	30009	0
FFQ	133	0	140	148	78	406	627	990	570	591	1035	2097	2065	1068	2243	2331	2544	2628	2189	2841	2980	3158	3468	3562	3680	3853	3938	3753	3321	3117	3019	2616	2372	1883	1782	1851	1728	1555	1499	1427	1326	32200	0
FFQ	134	0	92	77	51	432	692	978	598	652	1042	2008	1859	1072	2136	2229	2439	2458	2293	2745	2775	2946	3257	3402	3478	3559	3728	3647	2962	2844	2689	2354	2160	1533	1534	1578	1489	1429	1435	1389	1290	37282	0
FFQ	135	0	52	70	42	403	715	911	693	659	1082	1899	1745	1161	1975	2120	2173	2241	2259	2487	2576	2747	2965	3088	3150	3201	3337	3397	2588	2338	2212	1995	1817	1200	1298	1290	1232	1179	1240	1222	1056	44716	0
FFQ	136	0	55	74	51	451	669	839	700	646	1034	1786	1614	1135	1784	1768	1878	1987	1963	2112	2214	2360	2462	2681	2574	2568	2774	2779	1912	1703	1591	1501	1249	863	924	930	905	896	952	907	780	56351	0
FFQ	137	0	63	87	51	474	642	654	709	628	967	1498	1488	1032	1484	1602	1640	1787	1728	1801	1814	1998	1975	2103	2128	2103	2242	2403	1174	1089	1011	884	797	541	544	548	540	561	600	574	488	67838	0
FFQ	138	0	88	107	65	427	599	518	642	520	758	1145	1148	880	1158	1229	1263	1314	1346	1462	1523	1661	1630	1678	1772	1866	1894	2000	714	659	586	519	472	311	315	348	337	341	377	337	284	77828	0
FFQ	139	0	71	112	98	423	512	399	587	445	834	956	1009	813	1025	1080	1042	1169	1204	1329	1349	1464	1527	1576	1697	1721	1814	2028	507	404	426	366	341	242	254	257	251	250	259	244	223	81584	0
FFQ	140	0	73	98	78	354	424	372	497	394	658	812	785	739	898	923	916	1027	1102	1179	1262	1369	1529	1545	1641	1775	1900	2008	482	410	407	390	365	301	270	268	283	273	315	268	258	82994	0
FFQ	141	0	72	95	76	354	393	318	443	367	594	735	706	657	817	841	933	927	1063	1104	1288	1414	1451	1569	1628	1789	1881	2067	568	529	482	438	416	346	327	319	332	370	341	298	308	82670	0
FFQ	142	0	58	71	77	326	373	306	432	362	535	697	631	632	683	847	786	938	1031	1054	1230	1318	1372	1519	1571	1867	1820	1982	646	654	616	554	543	384	407	415	401	423	399	390	395	82246	0
FFQ	143	0	71	92	58	304	348	338	385	319	537	732	646	694	682	805	816	887	957	1099	1164	1279	1320	1514	1506	1673	1842	1956	892	829	817	769	848	486	525	540	544	562	510	482	555	80370	0
FFQ	144	0	66	117	71	282	333	357	389	385	576	817	665	740	735	860	913	943	996	1095	1205	1238	1337	1428	1573	1833	1801	2032	1120	1012	1035	1066	1113	582	623	688	734	742	684	745	733	76865	0
FFQ	145	0	123	140	93	334	370	444	379	400	638	860	784	762	790	935	953	1058	1074	1122	1242	1290	1466	1563	1630	1663	1900	2000	1288	1214	1245	1302	1350	664	755	773	863	881	848	804	979	73363	0
FFQ	146	0	145	253	137	365	399	501	411	420	764	941	860	856	717	934	1024	1125	1093	1187	1246	1306	1490	1575	1678	1855	2026	2009	1314	1232	1285	1303	1326	735	799	812	885	954	835	890	945	71517	0
FFQ	147	0	180	297	177	472	427	535	515	479	802	965	940	780	804	1018	1022	1122	1080	1190	1289	1352	1471	1617	1667	1716	1888	1912	1097	1023	1097	1070	1173	579	613	620	712	777	750	706	836	73149	0
FFQ	148	0	230	305	199	460	446	525	470	507	827	938	978	773	853	1030	997	1017	1112	1170	1138	1260	1372	1493	1586	1651	1793	1850	854	820	834	848	846	437	473	513	528	603	551	564	595	76301	0
FFQ	149	0	250	332	217	535	509	542	523	541	823	856	1031	774	975	1011	997	1044	1033	1109	1094	1222	1277	1373	1452	1508	1661	1694	639	574	602	596	587	324	333	335	370	350	399	377	385	79284	0
FFQ	150	0	219	275	224	579	622	626	648	639	905	924	1047	795	1086	1137	1129	1094	1064	1195	1139	1329	1320	1440	1493	1538	1600	1729	495	429	442	398	404	232	222	230	261	244	249	266	251	79454	0
FFQ	151	0	235	281	240	593	742	684	628	769	996	986	1151	985	1174	1263	1216	1201	1094	1255	1262	1401	1437	1513	1593	1696	1737	1846	379	354	361	294	310	163	159	163	198	193	170	186	151	78152	0
FFQ	152	0	210	312	190	690	781	704	754	814	1076	1147	1238	1071	1318	1409	1255	1374	1298	1344	1422	1522	1583	1630	1771	1846	1918	1930	300	262	243	210	223	145	126	133	146	137	122	126	118	76161	0
FFQ	153	0	158	240	185	762	961	795	917	808	1144	1293	1274	1183	1411	1454	1383	1401	1502	1527	1610	1677	1757	1830	1793	1962	2057	2177	296	291	249	203	205	140	152	133	142	146	123	144	123	73295	0
FFQ	154	0	119	206	121	885	1223	934	1285	941	1193	1545	1489	1394	1552	1586	1490	1621	1649	1703	1657	1829	1865	1913	1918	2029	2180	2175	377	381	335	302	302	246	239	193	251	227	203	197	162	68854	0
FFQ	155	0	113	147	109	1213	1930	1242	1937	1244	1546	2067	2042	1858	2057	1996	1853	2003	1981	1958	1892	2020	1962	1953	1970	2038	2163	2221	554	531	473	413	403	357	356	333	373	372	322	321	223	60109	0
FFQ	156	0	80	112	78	1448	2647	1684	2737	1740	1919	2751	2767	2436	2550	2540	2294	2400	2370	2371	2281	2332	2265	2111	2052	1967	1883	1994	753	687	598	562	548	513	532	525	556	564	529	519	296	49543	0
FFQ	157	0	82	111	83	1778	3324	2098	3396	1982	2291	3170	3426	2915	3125	2936	2645	2870	2894	2587	2630	2561	2393	2188	1932	1877	1840	1817	804	822	764	655	687	615	686	676	672	689	699	702	389	40613	0
FFQ	158	0	90	159	120	1993	3689	2332	3744	2322	2551	3824	3712	3401	3573	3316	2953	3176	3161	2871	2763	2732	2568	2210	1962	1863	1758	1686	909	815	797	673	696	647	679	714	706	715	779	710	393	34568	0
FFQ	159	0	114	202	135	2013	3660	2440	3707	2247	2683	3847	3646	3560	3787	3645	3120	3392	3447	3126	3042	2853	2613	2194	2122	1904	1807	1610	1045	862	836	651	728	632	642	668	657	679	721	715	434	32075	0
FFQ	160	0	169	270	176	2091	3415	2297	3503	2270	2696	4128	3363	3778	3886	3786	3272	3691	3817	3318	3272	3284	2946	2516	2306	2043	1890	1753	1171	966	912	753	763	618	618	653	619	603	647	573	440	28902	0
FFQ	161	0	237	343	250	2185	3177	2206	3115	2045	2736	4070	2909	3862	3895	3780	3348	3786	3908	3699	3594	3488	3164	2806	2560	2404	2157	1932	1357	1170	1080	943	890	722	738	742	695	616	692	618	504	25636	0
FFQ	162	0	310	404	260	2045	2908	2122	2846	2052	2640	3982	2810	3860	3878	4046	3415	3934	4159	3911	3770	3574	3454	3176	2835	2682	2387	2046	1487	1240	1216	1031	1056	779	790	812	759	690	738	620	560	22642	0
FFQ	163	0	370	506	344	1953	2620	2103	2586	2107	2748	4005	2904	3647	4000	3873	3356	4078	4125	3837	3722	3755	3533	3173	2939	2750	2402	2131	1443	1225	1151	1004	1024	732	736	715	671	639	652	582	523	23071	0
FFQ	164	0	483	656	453	1874	2468	2245	2526	2173	2985	4121	3117	3680	4105	3864	3388	3958	3837	3722	3591	3456	3225	3001	2854	2639	2323	2086	1356	1104	1018	842	813	568	583	472	510	473	506	423	395	25526	0
FFQ	165	0	562	832	573	1794	2401	2546	2453	2269	3254	4414	3487	3721	3958	4119	3638	3837	3669	3554	3303	3321	3075	2961	2757	2534	2333	2106	1286	1044	960	764	723	393	411	341	366	368	343	306	309	25865	0
FFQ	166	0	708	1070	759	1871	2415	2906	2464	2339	3511	4796	3821	3626	4022	4082	3769	3766	3611	3458	3154	3251	3015	2940	2762	2630	2446	2243	1327	1158	1054	906	858	283	299	297	300	338	281	304	260	23007	0
FFQ	167	0	941	1413	968	2079	2569	3196	2406	2502	3643	5105	4189	3432	4120	4215	3815	3811	3612	3599	3131	3307	3125	3027	2767	2668	2509	2361	1456	1323	1222	1024	1026	284	291	331	289	327	315	350	330	17744	0
FFQ	168	0	1198	1756	1117	2217	2664	3198	2442	2523	3810	5077	4399	3460	4343	4264	3929	3759	3512	3605	2818	3402	3200	3124	2768	2652	2514	2367	1599	1425	1304	1137	1125	380	357	396	367	395	371	398	373	13162	0
FFQ	169	0	1336	1791	1222	2233	2569	2958	2398	2493	3387	4680	4475	3433	4295	4246	3847	3698	3325	3371	2721	3178	3157	2983	2751	2599	2495	2329	1617	1500	1328	1272	1114	448	462	477	487	492	479	470	409	11724	0
FFQ	170	0	1332	1669	1089	1938	2502	2699	2143	2551	2927	4236	4452	3157	4525	4134	3809	3651	3246	3231	2500	3037	2918	2746	2689	2450	2341	2154	1617	1505	1361	1289	1107	508	537	538	514	530	530	507	471	11670	0
FFQ	171	0	1108	1395	792	1763	2617	2697	2033	2692	2647	3943	4195	3245	4599	4111	3691	3530	2961	3123	2367	2873	2756	2467	2463	2247	2059	1920	1577	1352	1281	1184	1015	532	506	501	478	480	487	449	456	12240	0
FFQ	172	0	836	883	621	1515	2754	2717	2067	2678	2281	3631	3987	3139	4456	4166	3480	3346	2781	3067	2327	2657	2515	2349	2123	1950	1886	1702	1235	1101	1045	916	815	446	399	418	423	386	409	386	381	13698	0
FFQ	173	0	576	630	361	1600	2896	2597	2177	2569	2116	3330	3452	3217	4250	3919	3171	3062	2752	2914	2277	2402	2268	2056	1910	1726	1589	1493	889	799	752	637	597	332	341	294	362	308	306	291	274	15210	0
FFQ	174	0	332	431	293	1660	2770	2344	2077	2169	2048	3075	2891	3086	3728	3561	2860	3035	2709	2817	2444	2269	2218	1906	1737	1590	1387	1323	734	646	582	486	449	316	336	259	292	284	249	244	213	15350	0
FFQ	175	0	206	319	211	1622	2675	2036	2058	1760	1913	2774	2368	2865	3304	3066	2526	2858	2821	2724	2550	2300	2135	1883	1717	1521	1291	1266	662	621	563	441	470	359	367	295	311	268	272	259	213	14089	0
FFQ	176	0	179	279	219	1609	2468	1691	1989	1595	1790	2482	1951	2756	2846	2756	2406	2842	2735	2560	2406	2231	2029	1810	1622	1546	1266	1165	633	613	524	466	452	382	362	307	334	247	299	239	213	11805	0
FFQ	177	0	157	300	249	1471	2079	1495	1762	1346	1694	2294	1715	2528	2523	2507	2188	2624	2424	2389	2215	2109	1822	1705	1467	1352	1177	1014	571	523	473	414	362	334	295	290	280	255	244	184	177	10403	0
FFQ	178	0	213	425	265	1248	1743	1258	1584	1126	1662	2178	1568	2211	2299	2156	1934	2107	2028	1935	1832	1717	1537	1384	1238	1042	920	791	436	390	328	307	282	234	198	196	177	205	146	142	135	9727	0
FFQ	179	0	271	466	323	1055	1336	1137	1298	1048	1546	1921	1436	1861	1904	1880	1562	1705	1527	1503	1320	1208	1092	1025	915	818	693	634	303	228	233	232	210	146	108	114	100	107	79	106	92	8708	0
FFQ	180	0	278	490	321	897	1027	951	991	837	1453	1733	1328	1550	1579	1447	1203	1347	1134	1070	923	925	792	726	623	620	564	519	226	192	173	160	166	77	64	63	50	54	53	59	46	6595	0
FFQ	181	0	253	505	344	706	761	786	779	747	1139	1479	1157	1090	1274	1180	955	934	861	807	711	677	584	505	477	459	415	424	194	178	135	126	124	32	38	37	36	31	40	41	34	4025	0
FFQ	182	0	274	424	274	580	551	656	565	558	952	1095	992	798	939	884	751	691	679	568	551	517	444	415	357	327	306	286	146	139	111	87	100	28	29	28	30	17	28	36	27	2122	0
FFQ	183	0	238	357	230	430	412	459	439	364	629	850	775	617	718	676	576	524	502	400	398	375	347	311	267	241	209	190	99	94	103	64	70	25	27	24	22	18	16	21	17	1044	0
FFQ	184	0	177	264	171	285	289	307	272	285	388	552	529	382	487	484	425	405	318	327	285	262	256	210	200	185	157	131	78	78	81	51	51	17	19	14	15	15	8	19	11	542	0
FFQ	185	0	129	162	87	154	213	205	176	194	251	342	335	244	337	317	301	287	192	212	202	179	173	146	137	130	112	95	70	64	56	29	42	12	15	8	17	12	6	14	10	296	0
FFQ	186	0	62	76	41	77	124	134	108	110	130	190	217	151	200	206	172	166	129	149	130	130	115	92	100	87	71	65	52	43	46	19	24	11	10	10	12	10	5	8	8	210	0
FFQ	187	0	24	40	11	50	67	64	53	61	66	127	129	84	117	143	99	105	84	85	89	79	72	61	55	46	51	41	36	31	36	11	12	9	6	13	5	3	4	4	8	123	0
FFQ	188	0	12	16	7	15	40	40	32	37	33	66	71	58	66	77	81	53	48	44	52	39	42	32	33	29	23	28	20	19	22	6	4	5	9	7	3	2	3	4	4	91	0
FFQ	189	0	6	10	6	13	29	26	20	22	21	28	37	36	41	34	38	26	35	34	25	17	21	11	19	11	5	12	5	7	6	5	3	3	6	1	1	2	2	3	0	76	0
FFQ	190	0	3	5	3	8	12	10	10	10	10	16	15	25	25	19	18	15	30	20	15	14	10	5	9	9	8	6	3	3	1	2	1	2	1	1	1	1	1	2	0	36	0
FFQ	191	0	3	0	1	5	7	8	4	1	4	7	11	22	16	5	9	7	14	13	13	5	5	6	3	5	8	1	2	2	2	1	1	0	0	0	1	0	0	1	0	15	0
FFQ	192	0	0	1	1	2	3	2	2	4	6	3	7	7	5	2	3	4	2	5	5	3	3	3	2	3	3	1	1	2	1	1	1	0	0	0	0	0	0	1	0	21	0
FFQ	193	0	0	4	0	1	3	1	2	0	2	5	6	1	3	5	5	2	4	2	4	5	3	0	0	0	0	1	0	1	0	1	0	0	0	0	0	0	0	0	0	5	0
FFQ	194	0	1	2	0	1	2	1	1	1	1	3	0	0	1	1	1	1	2	3	3	1	0	0	0	1	0	0	1	0	0	0	0	0	0	0	0	0	0	0	0	7	0
FFQ	195	0	0	0	0	1	0	0	0	0	2	1	0	1	3	0	1	2	0	2	0	0	0	1	1	1	0	0	1	0	0	0	0	0	0	0	0	0	0	0	0	4	0
FFQ	196	0	0	0	1	0	0	0	0	0	1	1	2	0	0	0	0	1	1	1	0	0	1	2	0	0	0	0	0	0	0	0	0	0	0	0	0	0	0	0	0	0	0
FFQ	197	0	0	1	0	0	0	0	0	0	1	0	0	0	0	0	0	0	1	0	0	0	0	0	0	2	0	0	0	0	0	0	0	0	0	0	0	0	0	0	0	0	0
FFQ	198	0	0	0	0	0	0	0	0	0	2	0	0	0	0	0	0	0	1	0	0	0	0	0	0	1	0	0	0	0	0	0	0	0	0	0	0	0	0	0	0	0	0
FFQ	199	0	1	0	0	0	0	0	0	0	0	0	0	0	1	0	0	1	0	0	0	0	0	0	0	0	0	0	0	0	0	0	0	0	0	0	0	0	0	0	0	0	0
FFQ	200	0	0	0	0	0	0	0	0	0	0	0	0	1	0	0	0	0	0	0	0	0	0	0	0	0	0	0	0	0	0	0	0	0	0	0	0	0	0	0	0	0	0
FFQ	201	0	0	0	0	0	0	0	0	0	0	0	0	0	1	0	0	0	0	0	0	0	0	0	0	0	0	0	0	0	0	0	0	0	0	0	0	0	0	0	0	0	0
FFQ	202	0	0	1	0	0	0	0	0	0	0	0	0	0	0	0	0	0	0	0	0	0	0	0	0	0	0	0	0	0	0	0	0	0	0	0	0	0	0	0	0	0	0
# Last Fragment Qualities. Use `grep ^LFQ | cut -f 2-` to extract this part.
# Columns correspond to qualities and rows to cycles. First column is the cycle number.
# GC Content of first fragments. Use `grep ^GCF | cut -f 2-` to extract this part.
GCF	4.77	0
GCF	10.05	1
GCF	10.80	2
GCF	11.31	10
GCF	11.81	17
GCF	12.31	24
GCF	12.81	31
GCF	13.32	66
GCF	13.82	81
GCF	14.32	76
GCF	14.82	80
GCF	15.33	85
GCF	15.83	100
GCF	16.33	90
GCF	16.83	91
GCF	17.34	99
GCF	17.84	110
GCF	18.34	115
GCF	18.84	139
GCF	19.35	159
GCF	19.85	166
GCF	20.35	140
GCF	20.85	126
GCF	21.36	116
GCF	21.86	100
GCF	22.36	65
GCF	22.86	40
GCF	23.37	32
GCF	23.87	14
GCF	24.37	19
GCF	24.87	35
GCF	25.38	72
GCF	25.88	147
GCF	26.38	157
GCF	26.88	136
GCF	27.39	82
GCF	27.89	30
GCF	28.39	18
GCF	28.89	27
GCF	29.40	69
GCF	29.90	171
GCF	30.40	344
GCF	30.90	485
GCF	31.41	494
GCF	31.91	414
GCF	32.41	441
GCF	32.91	863
GCF	33.42	1481
GCF	33.92	3766
GCF	34.42	7217
GCF	34.92	11466
GCF	35.43	13768
GCF	35.93	21245
GCF	36.43	23703
GCF	36.93	14671
GCF	37.44	5099
GCF	37.94	1674
GCF	38.44	1308
GCF	38.94	2676
GCF	39.45	4931
GCF	39.95	5032
GCF	40.45	2173
GCF	40.95	439
GCF	41.46	137
GCF	41.96	215
GCF	42.46	271
GCF	42.96	274
GCF	43.47	151
GCF	43.97	102
GCF	44.47	120
GCF	44.97	103
GCF	45.48	82
GCF	45.98	89
GCF	46.48	134
GCF	46.98	155
GCF	47.49	191
GCF	47.99	140
GCF	48.49	111
GCF	48.99	102
GCF	49.50	130
GCF	50.00	166
GCF	50.50	286
GCF	51.01	349
GCF	51.51	344
GCF	52.01	275
GCF	52.51	207
GCF	53.02	180
GCF	53.52	152
GCF	54.02	134
GCF	54.52	152
GCF	55.03	80
GCF	55.53	44
GCF	56.03	24
GCF	56.53	35
GCF	57.04	26
GCF	57.79	20
GCF	58.79	5
GCF	59.55	6
GCF	60.05	7
GCF	60.55	10
GCF	61.06	8
GCF	61.81	5
GCF	62.56	6
GCF	63.07	10
GCF	63.82	8
GCF	64.57	13
GCF	65.33	9
GCF	66.08	4
GCF	66.83	2
GCF	67.59	0
GCF	68.09	1
GCF	68.59	0
GCF	69.60	1
GCF	70.85	0
GCF	71.86	1
GCF	72.61	2
# GC Content of last fragments. Use `grep ^GCL | cut -f 2-` to extract this part.
# ACGT content per cycle. Use `grep ^GCC | cut -f 2-` to extract this part. The columns are: cycle; A,C,G,T base counts as a percentage of all A/C/G/T bases [%]; and N and O counts as a percentage of all A/C/G/T bases [%]
GCC	1	19.86	34.73	21.38	24.02	0.00	0.00
GCC	2	25.62	18.85	30.29	25.25	0.00	0.00
GCC	3	46.04	4.03	31.86	18.07	0.00	0.00
GCC	4	77.15	1.69	11.42	9.74	0.00	0.00
GCC	5	82.27	1.52	5.15	11.07	0.00	0.00
GCC	6	85.55	0.87	3.13	10.46	0.00	0.00
GCC	7	76.51	0.71	2.50	20.28	0.00	0.00
GCC	8	52.78	0.67	2.86	43.70	0.00	0.00
GCC	9	24.57	0.68	4.75	69.99	0.00	0.00
GCC	10	17.19	0.68	10.04	72.09	0.00	0.00
GCC	11	22.21	0.82	21.16	55.81	0.00	0.00
GCC	12	40.12	0.93	29.44	29.51	0.00	0.00
GCC	13	67.26	1.23	12.03	19.48	0.00	0.00
GCC	14	78.32	1.42	5.45	14.81	0.00	0.00
GCC	15	84.34	1.65	3.17	10.84	0.00	0.00
GCC	16	80.08	3.29	2.35	14.28	0.00	0.00
GCC	17	66.93	6.72	2.09	24.25	0.00	0.00
GCC	18	59.10	5.79	2.60	32.51	0.00	0.00
GCC	19	70.24	9.60	4.77	15.39	0.00	0.00
GCC	20	68.46	11.16	9.87	10.51	0.00	0.00
GCC	21	53.54	21.13	11.89	13.44	0.00	0.00
GCC	22	32.52	29.22	22.30	15.96	0.00	0.00
GCC	23	26.82	12.59	32.64	27.94	0.00	0.00
GCC	24	32.02	5.12	20.52	42.34	0.00	0.00
GCC	25	45.44	2.48	12.40	39.69	0.00	0.00
GCC	26	45.08	1.74	5.11	48.07	0.00	0.00
GCC	27	58.26	1.50	3.33	36.91	0.00	0.00
GCC	28	50.01	1.20	3.12	45.67	0.00	0.00
GCC	29	22.61	1.47	2.61	73.32	0.00	0.00
GCC	30	13.04	1.82	2.17	82.98	0.00	0.00
GCC	31	13.73	1.79	1.90	82.58	0.00	0.00
GCC	32	12.89	1.79	1.87	83.44	0.00	0.00
GCC	33	9.75	1.53	2.13	86.58	0.00	0.00
GCC	34	14.50	1.97	1.95	81.58	0.00	0.00
GCC	35	29.43	3.75	2.01	64.81	0.00	0.00
GCC	36	50.82	8.65	3.17	37.37	0.00	0.00
GCC	37	56.84	19.43	5.67	18.06	0.00	0.00
GCC	38	43.75	32.95	10.10	13.21	0.00	0.00
GCC	39	40.88	32.89	10.84	15.39	0.00	0.00
GCC	40	33.82	32.43	18.56	15.19	0.00	0.00
GCC	41	30.09	19.84	28.33	21.74	0.00	0.00
GCC	42	36.66	10.39	21.75	31.20	0.00	0.00
GCC	43	48.54	8.81	17.73	24.93	0.00	0.00
GCC	44	46.98	3.94	27.98	21.10	0.00	0.00
GCC	45	28.06	2.14	46.40	23.41	0.00	0.00
GCC	46	15.08	1.70	48.36	34.86	0.00	0.00
GCC	47	13.62	1.84	25.70	58.83	0.00	0.00
GCC	48	21.66	1.45	10.84	66.05	0.00	0.00
GCC	49	32.44	1.08	5.82	60.66	0.00	0.00
GCC	50	29.22	0.95	4.52	65.31	0.00	0.00
GCC	51	32.91	0.96	3.30	62.82	0.00	0.00
GCC	52	47.28	0.86	2.47	49.40	0.00	0.00
GCC	53	46.20	0.86	2.03	50.91	0.00	0.00
GCC	54	27.46	1.01	2.00	69.53	0.00	0.00
GCC	55	15.16	1.45	2.51	80.87	0.00	0.00
GCC	56	14.80	2.11	4.48	78.60	0.00	0.00
GCC	57	24.15	3.14	8.91	63.80	0.00	0.00
GCC	58	34.99	5.23	18.29	41.49	0.00	0.00
GCC	59	31.71	6.57	28.56	33.16	0.00	0.00
GCC	60	35.78	6.59	21.02	36.61	0.00	0.00
GCC	61	54.12	6.51	11.84	27.53	0.00	0.00
GCC	62	62.27	9.44	9.27	19.03	0.00	0.00
GCC	63	53.18	18.02	8.30	20.51	0.00	0.00
GCC	64	30.55	26.97	10.16	32.32	0.00	0.00
GCC	65	16.51	18.39	12.83	52.27	0.00	0.00
GCC	66	10.05	9.91	20.43	59.60	0.00	0.00
GCC	67	8.52	6.14	27.34	57.99	0.00	0.00
GCC	68	8.74	4.28	18.07	68.91	0.00	0.00
GCC	69	9.03	2.77	8.29	79.91	0.00	0.00
GCC	70	7.97	2.40	4.39	85.24	0.00	0.00
GCC	71	5.95	2.55	3.18	88.31	0.00	0.00
GCC	72	4.41	2.59	3.84	89.17	0.00	0.00
GCC	73	4.70	2.75	5.12	87.43	0.00	0.00
GCC	74	6.24	3.46	5.53	84.76	0.00	0.00
GCC	75	7.36	5.17	6.13	81.34	0.00	0.00
GCC	76	10.34	6.70	6.23	76.73	0.00	0.00
GCC	77	15.97	10.75	6.22	67.06	0.00	0.00
GCC	78	23.88	18.41	7.05	50.66	0.00	0.00
GCC	79	25.26	29.93	9.50	35.32	0.00	0.00
GCC	80	21.51	36.14	16.89	25.45	0.00	0.00
GCC	81	14.69	32.98	27.60	24.74	0.00	0.00
GCC	82	12.70	23.61	34.97	28.72	0.00	0.00
GCC	83	17.61	14.69	41.17	26.53	0.00	0.00
GCC	84	26.25	10.30	41.67	21.78	0.00	0.00
GCC	85	32.76	11.12	41.27	14.85	0.00	0.00
GCC	86	38.09	15.71	33.13	13.08	0.00	0.00
GCC	87	36.27	22.50	24.14	17.09	0.00	0.00
GCC	88	36.81	22.87	15.20	25.11	0.00	0.00
GCC	89	39.06	19.94	9.96	31.04	0.00	0.00
GCC	90	40.44	14.15	7.56	37.85	0.00	0.00
GCC	91	35.72	10.84	6.91	46.52	0.00	0.00
GCC	92	26.51	8.72	10.32	54.44	0.00	0.00
GCC	93	18.45	7.72	17.84	55.98	0.00	0.00
GCC	94	18.18	8.87	26.17	46.78	0.00	0.00
GCC	95	22.69	13.84	30.89	32.58	0.00	0.00
GCC	96	25.09	19.67	32.99	22.26	0.00	0.00
GCC	97	27.90	20.00	31.81	20.29	0.00	0.00
GCC	98	31.11	17.67	26.62	24.60	0.00	0.00
GCC	99	37.79	13.86	21.31	27.04	0.00	0.00
GCC	100	40.26	12.53	17.29	29.92	0.00	0.00
GCC	101	34.75	12.93	20.03	32.29	0.00	0.00
GCC	102	23.99	13.97	27.78	34.25	0.00	0.00
GCC	103	13.44	17.89	32.84	35.83	0.00	0.00
GCC	104	8.64	23.47	37.54	30.36	0.00	0.00
GCC	105	9.63	25.78	42.01	22.58	0.00	0.00
GCC	106	15.56	24.90	45.37	14.17	0.00	0.00
GCC	107	23.34	24.04	43.03	9.59	0.00	0.00
GCC	108	24.88	27.32	37.52	10.27	0.00	0.00
GCC	109	21.33	32.10	31.39	15.18	0.00	0.00
GCC	110	14.75	37.95	25.50	21.80	0.00	0.00
GCC	111	11.76	42.26	20.85	25.14	0.00	0.00
GCC	112	11.98	42.44	17.10	28.47	0.00	0.00
GCC	113	12.64	36.03	19.90	31.43	0.00	0.00
GCC	114	12.02	25.28	28.79	33.91	0.00	0.00
GCC	115	11.73	14.32	38.09	35.87	0.00	0.00
GCC	116	14.88	8.56	47.50	29.06	0.00	0.00
GCC	117	23.40	7.98	47.84	20.78	0.00	0.00
GCC	118	34.93	12.10	41.18	11.78	0.00	0.00
GCC	119	41.28	22.02	28.97	7.74	0.00	0.00
GCC	120	36.71	37.13	18.91	7.25	0.00	0.00
GCC	121	26.39	49.79	16.23	7.58	0.00	0.00
GCC	122	16.24	52.37	22.13	9.25	0.00	0.00
GCC	123	13.01	43.49	32.43	11.07	0.00	0.00
GCC	124	13.40	31.84	39.34	15.42	0.00	0.00
GCC	125	15.39	25.15	39.55	19.90	0.00	0.00
GCC	126	18.17	24.69	36.67	20.47	0.00	0.00
GCC	127	25.27	24.34	32.71	17.68	0.00	0.00
GCC	128	36.06	24.45	28.12	11.37	0.00	0.00
GCC	129	45.01	27.33	21.08	6.58	0.00	0.00
GCC	130	47.55	34.97	13.74	3.73	0.00	0.00
GCC	131	49.33	38.55	9.11	3.01	0.00	0.00
GCC	132	53.66	34.75	8.13	3.46	0.00	0.00
GCC	133	61.81	25.14	7.94	5.10	0.00	0.00
GCC	134	66.65	14.85	10.04	8.47	0.00	0.00
GCC	135	62.23	8.68	15.05	14.04	0.00	0.00
GCC	136	51.88	5.05	23.93	19.15	0.00	0.00
GCC	137	42.76	3.55	33.14	20.55	0.00	0.00
GCC	138	38.50	3.37	38.34	19.79	0.00	0.00
GCC	139	37.59	4.63	39.77	18.01	0.00	0.00
GCC	140	36.55	7.66	34.71	21.08	0.00	0.00
GCC	141	32.06	13.00	28.11	26.84	0.00	0.00
GCC	142	29.90	17.66	20.15	32.29	0.00	0.00
GCC	143	33.30	17.71	14.97	34.02	0.00	0.00
GCC	144	43.70	14.05	13.80	28.45	0.00	0.00
GCC	145	54.26	8.29	15.71	21.74	0.00	0.00
GCC	146	56.65	4.61	22.33	16.42	0.00	0.00
GCC	147	49.17	3.47	30.32	17.04	0.00	0.00
GCC	148	39.67	4.52	36.10	19.70	0.00	0.00
GCC	149	34.76	7.79	38.30	19.15	0.00	0.00
GCC	150	35.55	13.85	35.25	15.34	0.00	0.00
GCC	151	37.29	20.15	32.39	10.17	0.00	0.00
GCC	152	37.01	23.59	32.00	7.40	0.00	0.00
GCC	153	33.21	25.27	35.58	5.95	0.00	0.00
GCC	154	30.21	24.17	40.36	5.26	0.00	0.00
GCC	155	26.93	20.54	47.58	4.95	0.00	0.00
GCC	156	22.72	15.00	55.45	6.84	0.00	0.00
GCC	157	17.76	8.64	63.11	10.49	0.00	0.00
GCC	158	12.96	4.24	67.31	15.49	0.00	0.00
GCC	159	11.13	2.30	67.10	19.47	0.00	0.00
GCC	160	11.16	1.62	67.55	19.67	0.00	0.00
GCC	161	11.35	1.28	69.59	17.78	0.00	0.00
GCC	162	12.10	1.11	71.39	15.40	0.00	0.00
GCC	163	14.17	0.92	68.63	16.28	0.00	0.00
GCC	164	18.52	0.99	61.91	18.57	0.00	0.00
GCC	165	27.01	0.89	53.93	18.17	0.00	0.00
GCC	166	38.62	0.79	45.68	14.91	0.00	0.00
GCC	167	47.94	0.79	41.34	9.93	0.00	0.00
GCC	168	51.99	0.70	40.48	6.84	0.00	0.00
GCC	169	51.08	0.69	41.72	6.51	0.00	0.00
GCC	170	45.91	0.63	45.68	7.77	0.00	0.00
GCC	171	37.42	0.64	51.57	10.36	0.00	0.00
GCC	172	27.64	0.71	56.81	14.83	0.00	0.00
GCC	173	18.05	0.83	62.09	19.03	0.00	0.00
GCC	174	11.45	0.98	67.02	20.55	0.00	0.00
GCC	175	8.27	1.10	71.33	19.30	0.00	0.00
GCC	176	7.17	1.22	74.98	16.63	0.00	0.00
GCC	177	7.52	1.48	75.42	15.59	0.00	0.00
GCC	178	9.77	1.55	71.89	16.78	0.00	0.00
GCC	179	14.68	1.45	65.57	18.31	0.00	0.00
GCC	180	22.39	1.28	59.19	17.14	0.00	0.00
GCC	181	31.19	1.11	54.41	13.29	0.00	0.00
GCC	182	38.51	1.08	51.89	8.52	0.00	0.00
GCC	183	41.33	0.87	52.51	5.29	0.00	0.00
GCC	184	38.80	0.90	56.89	3.42	0.00	0.00
GCC	185	32.18	0.75	63.88	3.19	0.00	0.00
GCC	186	25.86	1.05	69.46	3.62	0.00	0.00
GCC	187	20.33	0.73	74.64	4.31	0.00	0.00
GCC	188	16.73	0.79	76.98	5.50	0.00	0.00
GCC	189	13.23	1.85	77.24	7.68	0.00	0.00
GCC	190	6.49	1.82	83.90	7.79	0.00	0.00
GCC	191	6.25	1.92	84.62	7.21	0.00	0.00
GCC	192	11.82	0.91	69.09	18.18	0.00	0.00
GCC	193	9.09	0.00	84.85	6.06	0.00	0.00
GCC	194	8.57	2.86	68.57	20.00	0.00	0.00
GCC	195	9.52	0.00	66.67	23.81	0.00	0.00
GCC	196	0.00	9.09	81.82	9.09	0.00	0.00
GCC	197	40.00	0.00	40.00	20.00	0.00	0.00
GCC	198	50.00	0.00	50.00	0.00	0.00	0.00
GCC	199	33.33	0.00	66.67	0.00	0.00	0.00
GCC	200	100.00	0.00	0.00	0.00	0.00	0.00
GCC	201	100.00	0.00	0.00	0.00	0.00	0.00
GCC	202	0.00	0.00	100.00	0.00	0.00	0.00
# ACGT content per cycle for first fragments. Use `grep ^FBC | cut -f 2-` to extract this part. The columns are: cycle; A,C,G,T base counts as a percentage of all A/C/G/T bases [%]; and N and O counts as a percentage of all A/C/G/T bases [%]
FBC	1	19.86	34.73	21.38	24.02	0.00	0.00
FBC	2	25.62	18.85	30.29	25.25	0.00	0.00
FBC	3	46.04	4.03	31.86	18.07	0.00	0.00
FBC	4	77.15	1.69	11.42	9.74	0.00	0.00
FBC	5	82.27	1.52	5.15	11.07	0.00	0.00
FBC	6	85.55	0.87	3.13	10.46	0.00	0.00
FBC	7	76.51	0.71	2.50	20.28	0.00	0.00
FBC	8	52.78	0.67	2.86	43.70	0.00	0.00
FBC	9	24.57	0.68	4.75	69.99	0.00	0.00
FBC	10	17.19	0.68	10.04	72.09	0.00	0.00
FBC	11	22.21	0.82	21.16	55.81	0.00	0.00
FBC	12	40.12	0.93	29.44	29.51	0.00	0.00
FBC	13	67.26	1.23	12.03	19.48	0.00	0.00
FBC	14	78.32	1.42	5.45	14.81	0.00	0.00
FBC	15	84.34	1.65	3.17	10.84	0.00	0.00
FBC	16	80.08	3.29	2.35	14.28	0.00	0.00
FBC	17	66.93	6.72	2.09	24.25	0.00	0.00
FBC	18	59.10	5.79	2.60	32.51	0.00	0.00
FBC	19	70.24	9.60	4.77	15.39	0.00	0.00
FBC	20	68.46	11.16	9.87	10.51	0.00	0.00
FBC	21	53.54	21.13	11.89	13.44	0.00	0.00
FBC	22	32.52	29.22	22.30	15.96	0.00	0.00
FBC	23	26.82	12.59	32.64	27.94	0.00	0.00
FBC	24	32.02	5.12	20.52	42.34	0.00	0.00
FBC	25	45.44	2.48	12.40	39.69	0.00	0.00
FBC	26	45.08	1.74	5.11	48.07	0.00	0.00
FBC	27	58.26	1.50	3.33	36.91	0.00	0.00
FBC	28	50.01	1.20	3.12	45.67	0.00	0.00
FBC	29	22.61	1.47	2.61	73.32	0.00	0.00
FBC	30	13.04	1.82	2.17	82.98	0.00	0.00
FBC	31	13.73	1.79	1.90	82.58	0.00	0.00
FBC	32	12.89	1.79	1.87	83.44	0.00	0.00
FBC	33	9.75	1.53	2.13	86.58	0.00	0.00
FBC	34	14.50	1.97	1.95	81.58	0.00	0.00
FBC	35	29.43	3.75	2.01	64.81	0.00	0.00
FBC	36	50.82	8.65	3.17	37.37	0.00	0.00
FBC	37	56.84	19.43	5.67	18.06	0.00	0.00
FBC	38	43.75	32.95	10.10	13.21	0.00	0.00
FBC	39	40.88	32.89	10.84	15.39	0.00	0.00
FBC	40	33.82	32.43	18.56	15.19	0.00	0.00
FBC	41	30.09	19.84	28.33	21.74	0.00	0.00
FBC	42	36.66	10.39	21.75	31.20	0.00	0.00
FBC	43	48.54	8.81	17.73	24.93	0.00	0.00
FBC	44	46.98	3.94	27.98	21.10	0.00	0.00
FBC	45	28.06	2.14	46.40	23.41	0.00	0.00
FBC	46	15.08	1.70	48.36	34.86	0.00	0.00
FBC	47	13.62	1.84	25.70	58.83	0.00	0.00
FBC	48	21.66	1.45	10.84	66.05	0.00	0.00
FBC	49	32.44	1.08	5.82	60.66	0.00	0.00
FBC	50	29.22	0.95	4.52	65.31	0.00	0.00
FBC	51	32.91	0.96	3.30	62.82	0.00	0.00
FBC	52	47.28	0.86	2.47	49.40	0.00	0.00
FBC	53	46.20	0.86	2.03	50.91	0.00	0.00
FBC	54	27.46	1.01	2.00	69.53	0.00	0.00
FBC	55	15.16	1.45	2.51	80.87	0.00	0.00
FBC	56	14.80	2.11	4.48	78.60	0.00	0.00
FBC	57	24.15	3.14	8.91	63.80	0.00	0.00
FBC	58	34.99	5.23	18.29	41.49	0.00	0.00
FBC	59	31.71	6.57	28.56	33.16	0.00	0.00
FBC	60	35.78	6.59	21.02	36.61	0.00	0.00
FBC	61	54.12	6.51	11.84	27.53	0.00	0.00
FBC	62	62.27	9.44	9.27	19.03	0.00	0.00
FBC	63	53.18	18.02	8.30	20.51	0.00	0.00
FBC	64	30.55	26.97	10.16	32.32	0.00	0.00
FBC	65	16.51	18.39	12.83	52.27	0.00	0.00
FBC	66	10.05	9.91	20.43	59.60	0.00	0.00
FBC	67	8.52	6.14	27.34	57.99	0.00	0.00
FBC	68	8.74	4.28	18.07	68.91	0.00	0.00
FBC	69	9.03	2.77	8.29	79.91	0.00	0.00
FBC	70	7.97	2.40	4.39	85.24	0.00	0.00
FBC	71	5.95	2.55	3.18	88.31	0.00	0.00
FBC	72	4.41	2.59	3.84	89.17	0.00	0.00
FBC	73	4.70	2.75	5.12	87.43	0.00	0.00
FBC	74	6.24	3.46	5.53	84.76	0.00	0.00
FBC	75	7.36	5.17	6.13	81.34	0.00	0.00
FBC	76	10.34	6.70	6.23	76.73	0.00	0.00
FBC	77	15.97	10.75	6.22	67.06	0.00	0.00
FBC	78	23.88	18.41	7.05	50.66	0.00	0.00
FBC	79	25.26	29.93	9.50	35.32	0.00	0.00
FBC	80	21.51	36.14	16.89	25.45	0.00	0.00
FBC	81	14.69	32.98	27.60	24.74	0.00	0.00
FBC	82	12.70	23.61	34.97	28.72	0.00	0.00
FBC	83	17.61	14.69	41.17	26.53	0.00	0.00
FBC	84	26.25	10.30	41.67	21.78	0.00	0.00
FBC	85	32.76	11.12	41.27	14.85	0.00	0.00
FBC	86	38.09	15.71	33.13	13.08	0.00	0.00
FBC	87	36.27	22.50	24.14	17.09	0.00	0.00
FBC	88	36.81	22.87	15.20	25.11	0.00	0.00
FBC	89	39.06	19.94	9.96	31.04	0.00	0.00
FBC	90	40.44	14.15	7.56	37.85	0.00	0.00
FBC	91	35.72	10.84	6.91	46.52	0.00	0.00
FBC	92	26.51	8.72	10.32	54.44	0.00	0.00
FBC	93	18.45	7.72	17.84	55.98	0.00	0.00
FBC	94	18.18	8.87	26.17	46.78	0.00	0.00
FBC	95	22.69	13.84	30.89	32.58	0.00	0.00
FBC	96	25.09	19.67	32.99	22.26	0.00	0.00
FBC	97	27.90	20.00	31.81	20.29	0.00	0.00
FBC	98	31.11	17.67	26.62	24.60	0.00	0.00
FBC	99	37.79	13.86	21.31	27.04	0.00	0.00
FBC	100	40.26	12.53	17.29	29.92	0.00	0.00
FBC	101	34.75	12.93	20.03	32.29	0.00	0.00
FBC	102	23.99	13.97	27.78	34.25	0.00	0.00
FBC	103	13.44	17.89	32.84	35.83	0.00	0.00
FBC	104	8.64	23.47	37.54	30.36	0.00	0.00
FBC	105	9.63	25.78	42.01	22.58	0.00	0.00
FBC	106	15.56	24.90	45.37	14.17	0.00	0.00
FBC	107	23.34	24.04	43.03	9.59	0.00	0.00
FBC	108	24.88	27.32	37.52	10.27	0.00	0.00
FBC	109	21.33	32.10	31.39	15.18	0.00	0.00
FBC	110	14.75	37.95	25.50	21.80	0.00	0.00
FBC	111	11.76	42.26	20.85	25.14	0.00	0.00
FBC	112	11.98	42.44	17.10	28.47	0.00	0.00
FBC	113	12.64	36.03	19.90	31.43	0.00	0.00
FBC	114	12.02	25.28	28.79	33.91	0.00	0.00
FBC	115	11.73	14.32	38.09	35.87	0.00	0.00
FBC	116	14.88	8.56	47.50	29.06	0.00	0.00
FBC	117	23.40	7.98	47.84	20.78	0.00	0.00
FBC	118	34.93	12.10	41.18	11.78	0.00	0.00
FBC	119	41.28	22.02	28.97	7.74	0.00	0.00
FBC	120	36.71	37.13	18.91	7.25	0.00	0.00
FBC	121	26.39	49.79	16.23	7.58	0.00	0.00
FBC	122	16.24	52.37	22.13	9.25	0.00	0.00
FBC	123	13.01	43.49	32.43	11.07	0.00	0.00
FBC	124	13.40	31.84	39.34	15.42	0.00	0.00
FBC	125	15.39	25.15	39.55	19.90	0.00	0.00
FBC	126	18.17	24.69	36.67	20.47	0.00	0.00
FBC	127	25.27	24.34	32.71	17.68	0.00	0.00
FBC	128	36.06	24.45	28.12	11.37	0.00	0.00
FBC	129	45.01	27.33	21.08	6.58	0.00	0.00
FBC	130	47.55	34.97	13.74	3.73	0.00	0.00
FBC	131	49.33	38.55	9.11	3.01	0.00	0.00
FBC	132	53.66	34.75	8.13	3.46	0.00	0.00
FBC	133	61.81	25.14	7.94	5.10	0.00	0.00
FBC	134	66.65	14.85	10.04	8.47	0.00	0.00
FBC	135	62.23	8.68	15.05	14.04	0.00	0.00
FBC	136	51.88	5.05	23.93	19.15	0.00	0.00
FBC	137	42.76	3.55	33.14	20.55	0.00	0.00
FBC	138	38.50	3.37	38.34	19.79	0.00	0.00
FBC	139	37.59	4.63	39.77	18.01	0.00	0.00
FBC	140	36.55	7.66	34.71	21.08	0.00	0.00
FBC	141	32.06	13.00	28.11	26.84	0.00	0.00
FBC	142	29.90	17.66	20.15	32.29	0.00	0.00
FBC	143	33.30	17.71	14.97	34.02	0.00	0.00
FBC	144	43.70	14.05	13.80	28.45	0.00	0.00
FBC	145	54.26	8.29	15.71	21.74	0.00	0.00
FBC	146	56.65	4.61	22.33	16.42	0.00	0.00
FBC	147	49.17	3.47	30.32	17.04	0.00	0.00
FBC	148	39.67	4.52	36.10	19.70	0.00	0.00
FBC	149	34.76	7.79	38.30	19.15	0.00	0.00
FBC	150	35.55	13.85	35.25	15.34	0.00	0.00
FBC	151	37.29	20.15	32.39	10.17	0.00	0.00
FBC	152	37.01	23.59	32.00	7.40	0.00	0.00
FBC	153	33.21	25.27	35.58	5.95	0.00	0.00
FBC	154	30.21	24.17	40.36	5.26	0.00	0.00
FBC	155	26.93	20.54	47.58	4.95	0.00	0.00
FBC	156	22.72	15.00	55.45	6.84	0.00	0.00
FBC	157	17.76	8.64	63.11	10.49	0.00	0.00
FBC	158	12.96	4.24	67.31	15.49	0.00	0.00
FBC	159	11.13	2.30	67.10	19.47	0.00	0.00
FBC	160	11.16	1.62	67.55	19.67	0.00	0.00
FBC	161	11.35	1.28	69.59	17.78	0.00	0.00
FBC	162	12.10	1.11	71.39	15.40	0.00	0.00
FBC	163	14.17	0.92	68.63	16.28	0.00	0.00
FBC	164	18.52	0.99	61.91	18.57	0.00	0.00
FBC	165	27.01	0.89	53.93	18.17	0.00	0.00
FBC	166	38.62	0.79	45.68	14.91	0.00	0.00
FBC	167	47.94	0.79	41.34	9.93	0.00	0.00
FBC	168	51.99	0.70	40.48	6.84	0.00	0.00
FBC	169	51.08	0.69	41.72	6.51	0.00	0.00
FBC	170	45.91	0.63	45.68	7.77	0.00	0.00
FBC	171	37.42	0.64	51.57	10.36	0.00	0.00
FBC	172	27.64	0.71	56.81	14.83	0.00	0.00
FBC	173	18.05	0.83	62.09	19.03	0.00	0.00
FBC	174	11.45	0.98	67.02	20.55	0.00	0.00
FBC	175	8.27	1.10	71.33	19.30	0.00	0.00
FBC	176	7.17	1.22	74.98	16.63	0.00	0.00
FBC	177	7.52	1.48	75.42	15.59	0.00	0.00
FBC	178	9.77	1.55	71.89	16.78	0.00	0.00
FBC	179	14.68	1.45	65.57	18.31	0.00	0.00
FBC	180	22.39	1.28	59.19	17.14	0.00	0.00
FBC	181	31.19	1.11	54.41	13.29	0.00	0.00
FBC	182	38.51	1.08	51.89	8.52	0.00	0.00
FBC	183	41.33	0.87	52.51	5.29	0.00	0.00
FBC	184	38.80	0.90	56.89	3.42	0.00	0.00
FBC	185	32.18	0.75	63.88	3.19	0.00	0.00
FBC	186	25.86	1.05	69.46	3.62	0.00	0.00
FBC	187	20.33	0.73	74.64	4.31	0.00	0.00
FBC	188	16.73	0.79	76.98	5.50	0.00	0.00
FBC	189	13.23	1.85	77.24	7.68	0.00	0.00
FBC	190	6.49	1.82	83.90	7.79	0.00	0.00
FBC	191	6.25	1.92	84.62	7.21	0.00	0.00
FBC	192	11.82	0.91	69.09	18.18	0.00	0.00
FBC	193	9.09	0.00	84.85	6.06	0.00	0.00
FBC	194	8.57	2.86	68.57	20.00	0.00	0.00
FBC	195	9.52	0.00	66.67	23.81	0.00	0.00
FBC	196	0.00	9.09	81.82	9.09	0.00	0.00
FBC	197	40.00	0.00	40.00	20.00	0.00	0.00
FBC	198	50.00	0.00	50.00	0.00	0.00	0.00
FBC	199	33.33	0.00	66.67	0.00	0.00	0.00
FBC	200	100.00	0.00	0.00	0.00	0.00	0.00
FBC	201	100.00	0.00	0.00	0.00	0.00	0.00
FBC	202	0.00	0.00	100.00	0.00	0.00	0.00
# ACGT raw counters for first fragments. Use `grep ^FTC | cut -f 2-` to extract this part. The columns are: A,C,G,T,N base counters
FTC	6384858	2474004	4804952	6251977	0
# ACGT content per cycle for last fragments. Use `grep ^LBC | cut -f 2-` to extract this part. The columns are: cycle; A,C,G,T base counts as a percentage of all A/C/G/T bases [%]; and N and O counts as a percentage of all A/C/G/T bases [%]
# ACGT raw counters for last fragments. Use `grep ^LTC | cut -f 2-` to extract this part. The columns are: A,C,G,T,N base counters
LTC	0	0	0	0	0
# Insert sizes. Use `grep ^IS | cut -f 2-` to extract this part. The columns are: insert size, pairs total, inward oriented pairs, outward oriented pairs, other pairs
# Read lengths. Use `grep ^RL | cut -f 2-` to extract this part. The columns are: read length, count
RL	31	3
RL	32	4
RL	33	1
RL	34	14
RL	35	11
RL	36	17
RL	37	43
RL	38	41
RL	39	26
RL	40	14
RL	41	5
RL	42	8
RL	43	5
RL	44	10
RL	45	12
RL	46	12
RL	47	2
RL	48	3
RL	49	1
RL	50	3
RL	53	1
RL	54	1
RL	57	1
RL	58	1
RL	59	1
RL	60	2
RL	61	8
RL	62	15
RL	63	11
RL	64	4
RL	65	9
RL	66	2
RL	67	1
RL	68	1
RL	70	1
RL	71	1
RL	72	1
RL	74	2
RL	75	1
RL	76	3
RL	77	5
RL	78	14
RL	79	13
RL	80	25
RL	81	32
RL	82	40
RL	83	29
RL	84	24
RL	85	12
RL	86	8
RL	87	14
RL	88	7
RL	89	6
RL	90	15
RL	91	5
RL	92	4
RL	93	7
RL	94	3
RL	95	2
RL	96	3
RL	97	7
RL	98	9
RL	99	16
RL	100	24
RL	101	27
RL	102	11
RL	103	10
RL	104	7
RL	105	1
RL	106	4
RL	107	6
RL	108	8
RL	109	23
RL	110	27
RL	111	56
RL	112	72
RL	113	117
RL	114	66
RL	115	53
RL	116	30
RL	117	21
RL	118	11
RL	119	19
RL	120	28
RL	121	29
RL	122	32
RL	123	21
RL	124	14
RL	125	28
RL	126	28
RL	127	20
RL	128	28
RL	129	37
RL	130	61
RL	131	51
RL	132	59
RL	133	66
RL	134	82
RL	135	109
RL	136	132
RL	137	169
RL	138	229
RL	139	250
RL	140	316
RL	141	335
RL	142	238
RL	143	224
RL	144	187
RL	145	193
RL	146	230
RL	147	172
RL	148	209
RL	149	165
RL	150	162
RL	151	152
RL	152	156
RL	153	132
RL	154	116
RL	155	121
RL	156	110
RL	157	94
RL	158	69
RL	159	87
RL	160	115
RL	161	133
RL	162	191
RL	163	316
RL	164	469
RL	165	843
RL	166	1285
RL	167	1915
RL	168	2658
RL	169	3439
RL	170	3978
RL	171	4860
RL	172	5270
RL	173	5502
RL	174	5241
RL	175	5855
RL	176	6693
RL	177	8107
RL	178	9054
RL	179	8944
RL	180	8226
RL	181	6718
RL	182	5184
RL	183	4146
RL	184	3069
RL	185	2263
RL	186	1496
RL	187	931
RL	188	570
RL	189	318
RL	190	177
RL	191	98
RL	192	44
RL	193	31
RL	194	14
RL	195	10
RL	196	6
RL	197	1
RL	198	1
RL	199	2
RL	202	1
# Read lengths - first fragments. Use `grep ^FRL | cut -f 2-` to extract this part. The columns are: read length, count
FRL	31	3
FRL	32	4
FRL	33	1
FRL	34	14
FRL	35	11
FRL	36	17
FRL	37	43
FRL	38	41
FRL	39	26
FRL	40	14
FRL	41	5
FRL	42	8
FRL	43	5
FRL	44	10
FRL	45	12
FRL	46	12
FRL	47	2
FRL	48	3
FRL	49	1
FRL	50	3
FRL	53	1
FRL	54	1
FRL	57	1
FRL	58	1
FRL	59	1
FRL	60	2
FRL	61	8
FRL	62	15
FRL	63	11
FRL	64	4
FRL	65	9
FRL	66	2
FRL	67	1
FRL	68	1
FRL	70	1
FRL	71	1
FRL	72	1
FRL	74	2
FRL	75	1
FRL	76	3
FRL	77	5
FRL	78	14
FRL	79	13
FRL	80	25
FRL	81	32
FRL	82	40
FRL	83	29
FRL	84	24
FRL	85	12
FRL	86	8
FRL	87	14
FRL	88	7
FRL	89	6
FRL	90	15
FRL	91	5
FRL	92	4
FRL	93	7
FRL	94	3
FRL	95	2
FRL	96	3
FRL	97	7
FRL	98	9
FRL	99	16
FRL	100	24
FRL	101	27
FRL	102	11
FRL	103	10
FRL	104	7
FRL	105	1
FRL	106	4
FRL	107	6
FRL	108	8
FRL	109	23
FRL	110	27
FRL	111	56
FRL	112	72
FRL	113	117
FRL	114	66
FRL	115	53
FRL	116	30
FRL	117	21
FRL	118	11
FRL	119	19
FRL	120	28
FRL	121	29
FRL	122	32
FRL	123	21
FRL	124	14
FRL	125	28
FRL	126	28
FRL	127	20
FRL	128	28
FRL	129	37
FRL	130	61
FRL	131	51
FRL	132	59
FRL	133	66
FRL	134	82
FRL	135	109
FRL	136	132
FRL	137	169
FRL	138	229
FRL	139	250
FRL	140	316
FRL	141	335
FRL	142	238
FRL	143	224
FRL	144	187
FRL	145	193
FRL	146	230
FRL	147	172
FRL	148	209
FRL	149	165
FRL	150	162
FRL	151	152
FRL	152	156
FRL	153	132
FRL	154	116
FRL	155	121
FRL	156	110
FRL	157	94
FRL	158	69
FRL	159	87
FRL	160	115
FRL	161	133
FRL	162	191
FRL	163	316
FRL	164	469
FRL	165	843
FRL	166	1285
FRL	167	1915
FRL	168	2658
FRL	169	3439
FRL	170	3978
FRL	171	4860
FRL	172	5270
FRL	173	5502
FRL	174	5241
FRL	175	5855
FRL	176	6693
FRL	177	8107
FRL	178	9054
FRL	179	8944
FRL	180	8226
FRL	181	6718
FRL	182	5184
FRL	183	4146
FRL	184	3069
FRL	185	2263
FRL	186	1496
FRL	187	931
FRL	188	570
FRL	189	318
FRL	190	177
FRL	191	98
FRL	192	44
FRL	193	31
FRL	194	14
FRL	195	10
FRL	196	6
FRL	197	1
FRL	198	1
FRL	199	2
FRL	202	1
# Read lengths - last fragments. Use `grep ^LRL | cut -f 2-` to extract this part. The columns are: read length, count
# Indel distribution. Use `grep ^ID | cut -f 2-` to extract this part. The columns are: length, number of insertions, number of deletions
ID	1	91183	76855
ID	2	2355	9132
ID	3	180	636
ID	4	23	29
ID	5	9	1
ID	6	2	1
ID	7	1	0
# Indels per cycle. Use `grep ^IC | cut -f 2-` to extract this part. The columns are: cycle, number of insertions (fwd), .. (rev) , number of deletions (fwd), .. (rev)
IC	7	0	0	4	0
IC	8	40	0	5	0
IC	9	21	0	11	0
IC	10	14	0	5	0
IC	11	17	0	2	0
IC	12	34	0	25	0
IC	13	68	0	79	0
IC	14	181	0	123	0
IC	15	569	0	198	0
IC	16	396	0	201	0
IC	17	707	0	76	0
IC	18	842	0	38	0
IC	19	506	0	29	0
IC	20	439	0	70	0
IC	21	521	0	33	0
IC	22	537	0	34	0
IC	23	237	0	21	0
IC	24	110	0	38	0
IC	25	96	0	45	0
IC	26	152	0	36	0
IC	27	201	0	43	0
IC	28	273	0	17	0
IC	29	172	0	16	0
IC	30	94	0	21	0
IC	31	161	0	27	0
IC	32	389	0	51	0
IC	33	1054	0	65	0
IC	34	2748	0	77	0
IC	35	6321	0	47	0
IC	36	8939	0	49	0
IC	37	3467	0	53	0
IC	38	1283	0	77	0
IC	39	495	0	124	0
IC	40	320	0	257	0
IC	41	231	0	270	0
IC	42	163	0	188	0
IC	43	112	0	127	0
IC	44	102	0	94	0
IC	45	99	0	72	0
IC	46	118	0	54	0
IC	47	83	0	33	0
IC	48	64	0	34	0
IC	49	63	0	33	0
IC	50	70	0	25	0
IC	51	131	0	32	0
IC	52	141	0	71	0
IC	53	116	0	169	0
IC	54	85	0	512	0
IC	55	98	0	1346	0
IC	56	328	0	2193	0
IC	57	800	0	834	0
IC	58	1678	0	502	0
IC	59	652	0	534	0
IC	60	224	0	494	0
IC	61	192	0	287	0
IC	62	260	0	225	0
IC	63	139	0	305	0
IC	64	106	0	513	0
IC	65	107	0	668	0
IC	66	199	0	628	0
IC	67	287	0	401	0
IC	68	241	0	338	0
IC	69	214	0	360	0
IC	70	223	0	211	0
IC	71	263	0	173	0
IC	72	206	0	268	0
IC	73	136	0	714	0
IC	74	144	0	1954	0
IC	75	343	0	4567	0
IC	76	882	0	8926	0
IC	77	2152	0	11656	0
IC	78	4710	0	6630	0
IC	79	7225	0	2478	0
IC	80	4713	0	1020	0
IC	81	1959	0	519	0
IC	82	732	0	352	0
IC	83	412	0	291	0
IC	84	309	0	292	0
IC	85	216	0	383	0
IC	86	173	0	333	0
IC	87	161	0	343	0
IC	88	127	0	333	0
IC	89	109	0	271	0
IC	90	104	0	191	0
IC	91	66	0	115	0
IC	92	67	0	67	0
IC	93	86	0	69	0
IC	94	105	0	76	0
IC	95	147	0	63	0
IC	96	125	0	80	0
IC	97	101	0	74	0
IC	98	88	0	76	0
IC	99	70	0	102	0
IC	100	61	0	124	0
IC	101	68	0	124	0
IC	102	103	0	148	0
IC	103	102	0	223	0
IC	104	104	0	278	0
IC	105	90	0	340	0
IC	106	89	0	344	0
IC	107	70	0	263	0
IC	108	73	0	186	0
IC	109	67	0	201	0
IC	110	80	0	189	0
IC	111	100	0	186	0
IC	112	113	0	148	0
IC	113	135	0	147	0
IC	114	171	0	140	0
IC	115	196	0	203	0
IC	116	226	0	241	0
IC	117	184	0	235	0
IC	118	127	0	297	0
IC	119	96	0	415	0
IC	120	81	0	705	0
IC	121	50	0	945	0
IC	122	66	0	1014	0
IC	123	64	0	1021	0
IC	124	95	0	688	0
IC	125	107	0	672	0
IC	126	175	0	558	0
IC	127	264	0	589	0
IC	128	234	0	633	0
IC	129	252	0	811	0
IC	130	224	0	1069	0
IC	131	192	0	1041	0
IC	132	260	0	933	0
IC	133	251	0	862	0
IC	134	240	0	845	0
IC	135	282	0	736	0
IC	136	360	0	538	0
IC	137	424	0	295	0
IC	138	496	0	146	0
IC	139	459	0	108	0
IC	140	392	0	121	0
IC	141	281	0	159	0
IC	142	270	0	192	0
IC	143	238	0	178	0
IC	144	224	0	175	0
IC	145	217	0	186	0
IC	146	207	0	183	0
IC	147	270	0	160	0
IC	148	430	0	158	0
IC	149	457	0	149	0
IC	150	470	0	140	0
IC	151	533	0	119	0
IC	152	733	0	110	0
IC	153	930	0	148	0
IC	154	1043	0	201	0
IC	155	877	0	357	0
IC	156	722	0	378	0
IC	157	669	0	402	0
IC	158	863	0	326	0
IC	159	1226	0	371	0
IC	160	1403	0	576	0
IC	161	1291	0	870	0
IC	162	987	0	1132	0
IC	163	654	0	1112	0
IC	164	563	0	927	0
IC	165	575	0	546	0
IC	166	592	0	303	0
IC	167	621	0	206	0
IC	168	724	0	202	0
IC	169	753	0	290	0
IC	170	767	0	334	0
IC	171	650	0	323	0
IC	172	433	0	257	0
IC	173	315	0	191	0
IC	174	278	0	142	0
IC	175	244	0	126	0
IC	176	169	0	119	0
IC	177	92	0	89	0
IC	178	44	0	52	0
IC	179	16	0	24	0
IC	180	13	0	7	0
IC	181	12	0	3	0
IC	182	6	0	2	0
IC	183	1	0	0	0
IC	184	3	0	1	0
IC	186	1	0	0	0
IC	187	2	0	0	0
# Coverage distribution. Use `grep ^COV | cut -f 2-` to extract this part.
COV	[1-1]	1	1
COV	[2-2]	2	42
# GC-depth. Use `grep ^GCD | cut -f 2-` to extract this part. The columns are: GC%, unique sequence percentiles, 10th, 25th, 50th, 75th and 90th depth percentile
GCD	0.0	100.000	0.000	0.000	0.000	0.000	0.000
